learning_rate	steps	batch_size	l2_reg_strength	auc	accuracy

5e-07	50000	100	0.5	0.59782606
5e-06	50000	100	0.7567568	0.59782606
5e-05	50000	100	0.7884521	0.59782606
0.0005	50000	100	0.760688	0.73913044
0.005	50000	100	0.8267814	0.8043478
0.05	50000	100	0.81302214	0.76086956
0.5	50000	100	0.819656	0.7717391
1	50000	100	0.82751846	0.76086956
0.005	50000	1	0.82481575	0.6847826
0.005	50000	10	0.80712533	0.79347825
0.005	50000	50	0.8211303	0.8043478
0.005	50000	75	0.8321868	0.8043478
0.005	50000	100	0.82629	0.8043478
0.005	50000	150	0.83071256	0.79347825
0.005	50000	200	0.8299755	0.8043478
0.005	50000	250	0.8272728	0.76086956
0.005	50000	300	0.8299755	0.79347825
0.005	50000	50	1.0	0.8211303	0.8043478
0.005	50000	50	2.0	0.8208845	0.8043478
0.005	50000	50	2.0	0.8203932	0.8043478
0.005	50000	50	2.0	0.8206389	0.8043478
0.005	50000	50	2.0	0.82063884	0.8043478
0.005	50000	50	2.0	0.8206389	0.8043478
0.005	50000	50	2.0	0.82162166	0.8043478
0.005	50000	50	2.0	0.82063884	0.8043478
0.005	50000	50	2.0	0.82137597	0.8043478
0.005	5000000	50	2.0	0.7987715	0.76086956
